00001101000000000000000000000011
10011001100110011001100110011001
10101010101010101010101010101010
00100000000010000000000000000000
00100000000011100000000000011100
10001101110011100000000000000000
00100100000110000000000000000000
10001101000010010000000000000000
10001101000010100000000000000100
00000001010010010111100000101010
00010001111011010000000000000100
00100101000010000000000000000100
00100101110011101111111111111111
00010001110011011111111111110100
00001000000000000000110000000111
10101101000010010000000000000100
10101101000010100000000000000000
00100100000110000000000000000001
00001000000000000000110000001011
00001000000000000000110000010011
